0.032076999999999994 987
0.009143999999999985 998
0.008504000000000012 1021
0.006678000000000017 1014
0.006678000000000017 1003
0.006678000000000017 990
0.006678000000000017 982
0.006002000000000063 1015
0.006002000000000063 1007
0.006002000000000063 1000
0.006002000000000063 993
0.006002000000000063 992
0.006002000000000063 989
0.006002000000000063 986
0.005718000000000001 1013
0.005612000000000006 984
0.005415000000000003 1004
0.005415000000000003 996
0.005344999999999989 981
0.004332999999999976 1024
0.004332999999999976 1022
0.004332999999999976 999
0.004280000000000006 1027
0.004280000000000006 1023
0.004280000000000006 1019
0.004280000000000006 1018
0.004280000000000006 1016
0.004280000000000006 1010
0.004280000000000006 1009
0.004280000000000006 1006
0.004280000000000006 983
0.004261000000000015 1026
0.004261000000000015 1020
0.0037659999999999916 1001
0.0036259999999999903 979
0.003444999999999976 1025
0.0033360000000000056 1017
0.003049999999999997 988
0.0026639999999999997 1012
0.002290999999999932 995
0.0018380000000000063 1002
0.0018380000000000063 994
0.0018380000000000063 991
0.0018380000000000063 985
0.0018380000000000063 980
0.0018380000000000063 978
0.0018349999999999755 1011
0.0018349999999999755 1005
0.0002909999999999857 997
1.2000000000012001e-05 1008
