0.523339 1013
0.522261 1015
0.522261 1007
0.522261 1000
0.522261 993
0.522261 992
0.522261 989
0.522261 986
0.516317 995
0.500551 1017
0.47346 1008
0.464981 1002
0.464981 994
0.464981 991
0.464981 985
0.464981 980
0.464981 978
0.430921 1011
0.430921 1005
0.424977 981
0.415101 988
0.403829 1027
0.403829 1023
0.403829 1019
0.403829 1018
0.403829 1016
0.403829 1010
0.403829 1009
0.403829 1006
0.403829 983
0.381041 1004
0.381041 996
0.375098 1021
0.346549 1024
0.346549 1022
0.346549 999
0.339527 1014
0.339527 1003
0.339527 990
0.339527 982
0.312489 1001
0.305467 984
0.29667 1012
0.289647 1026
0.289647 1020
0.278375 1025
0.272656 998
0.255587 997
0.238596 979
0.137156 987
