0.026723999999999998 987
0.007284999999999986 998
0.005726000000000009 1014
0.005726000000000009 1003
0.005726000000000009 990
0.005726000000000009 982
0.00567200000000001 1021
0.005151000000000017 1015
0.005151000000000017 1007
0.005151000000000017 1000
0.005151000000000017 993
0.005151000000000017 992
0.005151000000000017 989
0.005151000000000017 986
0.004601000000000022 1024
0.004601000000000022 1022
0.004601000000000022 999
0.0041819999999999635 1026
0.0041819999999999635 1020
0.004133000000000053 1017
0.00410499999999997 1027
0.00410499999999997 1023
0.00410499999999997 1019
0.00410499999999997 1018
0.00410499999999997 1016
0.00410499999999997 1010
0.00410499999999997 1009
0.00410499999999997 1006
0.00410499999999997 983
0.003916999999999948 1013
0.0038469999999999893 1025
0.003583999999999976 1012
0.0034359999999999946 984
0.0030240000000000267 1004
0.0030240000000000267 996
0.002774999999999972 988
0.002724000000000004 981
0.002640000000000031 1001
0.0020620000000000083 995
0.0015999999999999903 979
0.0014180000000000303 1002
0.0014180000000000303 994
0.0014180000000000303 991
0.0014180000000000303 985
0.0014180000000000303 980
0.0014180000000000303 978
0.0009119999999999684 1008
0.0003869999999999707 997
0.00022699999999997722 1011
0.00022699999999997722 1005
