0.529057 1013
0.528263 1015
0.528263 1007
0.528263 1000
0.528263 993
0.528263 992
0.528263 989
0.528263 986
0.518608 995
0.503887 1017
0.473472 1008
0.466819 1002
0.466819 994
0.466819 991
0.466819 985
0.466819 980
0.466819 978
0.429086 1011
0.429086 1005
0.419632 981
0.412051 988
0.399549 1027
0.399549 1023
0.399549 1019
0.399549 1018
0.399549 1016
0.399549 1010
0.399549 1009
0.399549 1006
0.399549 983
0.375626 1004
0.375626 996
0.366594 1021
0.342216 1024
0.342216 1022
0.342216 999
0.332849 1014
0.332849 1003
0.332849 990
0.332849 982
0.308723 1001
0.299855 984
0.294006 1012
0.285386 1026
0.285386 1020
0.27493 1025
0.263512 998
0.255296 997
0.23497 979
0.169233 987
