0.005352999999999997 987
0.002832000000000001 1021
0.0026209999999999845 981
0.0023909999999999765 1004
0.0023909999999999765 996
0.0021760000000000113 984
0.0020619999999999528 1011
0.0020619999999999528 1005
0.002026 979
0.0018589999999999995 998
0.0018010000000000526 1013
0.0011259999999999604 1001
0.0009520000000000084 1014
0.0009520000000000084 1003
0.0009520000000000084 990
0.0009520000000000084 982
0.0009239999999999804 1008
0.0009199999999999764 1012
0.0008510000000000462 1015
0.0008510000000000462 1007
0.0008510000000000462 1000
0.0008510000000000462 993
0.0008510000000000462 992
0.0008510000000000462 989
0.0008510000000000462 986
0.0007970000000000477 1017
0.0006779999999999564 997
0.00041999999999997595 1002
0.00041999999999997595 994
0.00041999999999997595 991
0.00041999999999997595 985
0.00041999999999997595 980
0.00041999999999997595 978
0.00040200000000001346 1025
0.0002750000000000252 988
0.000268000000000046 1024
0.000268000000000046 1022
0.000268000000000046 999
0.0002289999999999237 995
0.00017500000000003624 1027
0.00017500000000003624 1023
0.00017500000000003624 1019
0.00017500000000003624 1018
0.00017500000000003624 1016
0.00017500000000003624 1010
0.00017500000000003624 1009
0.00017500000000003624 1006
0.00017500000000003624 983
7.900000000005125e-05 1026
7.900000000005125e-05 1020
