0.527412 1015
0.527412 1007
0.527412 1000
0.527412 993
0.527412 992
0.527412 989
0.527412 986
0.527256 1013
0.518379 995
0.504684 1017
0.472548 1008
0.466399 1002
0.466399 994
0.466399 991
0.466399 985
0.466399 980
0.466399 978
0.431148 1011
0.431148 1005
0.422253 981
0.412326 988
0.399724 1027
0.399724 1023
0.399724 1019
0.399724 1018
0.399724 1016
0.399724 1010
0.399724 1009
0.399724 1006
0.399724 983
0.378017 1004
0.378017 996
0.369426 1021
0.341948 1024
0.341948 1022
0.341948 999
0.333801 1014
0.333801 1003
0.333801 990
0.333801 982
0.309849 1001
0.302031 984
0.293086 1012
0.285465 1026
0.285465 1020
0.274528 1025
0.265371 998
0.255974 997
0.236996 979
0.16388 987
