0.000000     0.333801
0.000000     0.399724
0.000000     0.457392
0.000000     0.466399
1.000000     0.263197
0.000000     0.504684
1.000000     0.333801
0.000000     0.378017
0.000000     0.540173
0.000000     0.594102
1.000000     0.412174
1.000000     0.527412
1.000000     0.466399
1.000000     0.430994
0.000000     0.301895
1.000000     0.466399
0.000000     0.255848
0.000000     0.504684
1.000000     0.466399
0.000000     0.186865
0.000000     0.333801
1.000000     0.341948
0.000000     0.559216
0.000000     0.255848
1.000000     0.341948
1.000000     0.378017
0.000000     0.293086
0.000000     0.200064
0.000000     0.341948
0.000000     0.527412
0.000000     0.309849
1.000000     0.341948
1.000000     0.527412
0.000000     0.430994
0.000000     0.341948
0.000000     0.341948
0.000000     0.412174
1.000000     0.341948
0.000000     0.399724
0.000000     0.466399
0.000000     0.293086
0.000000     0.527412
1.000000     0.293086
0.000000     0.399724
1.000000     0.391140
1.000000     0.403520
0.000000     0.341948
1.000000     0.527412
1.000000     0.347787
1.000000     0.333801
0.000000     0.391140
1.000000     0.341948
0.000000     0.399724
1.000000     0.333801
1.000000     0.457392
0.000000     0.527412
1.000000     0.652176
1.000000     0.293086
0.000000     0.302031
0.000000     0.309849
1.000000     0.263197
0.000000     0.594102
0.000000     0.255974
1.000000     0.378017
0.000000     0.333659
0.000000     0.369426
0.000000     0.236875
1.000000     0.391140
0.000000     0.309849
0.000000     0.200064
1.000000     0.466243
0.000000     0.285465
1.000000     0.466399
1.000000     0.341948
1.000000     0.399724
0.000000     0.263197
1.000000     0.263197
0.000000     0.183639
0.000000     0.255974
0.000000     0.236875
0.000000     0.293086
1.000000     0.341948
0.000000     0.302031
0.000000     0.274528
1.000000     0.399724
1.000000     0.412174
1.000000     0.391140
0.000000     0.274528
0.000000     0.339587
0.000000     0.281244
1.000000     0.559216
0.000000     0.186865
1.000000     0.466243
0.000000     0.263197
1.000000     0.341948
0.000000     0.527412
0.000000     0.399724
0.000000     0.652176
0.000000     0.430994
0.000000     0.412326
1.000000     0.412326
1.000000     0.652176
0.000000     0.378017
1.000000     0.466243
0.000000     0.225945
0.000000     0.466399
0.000000     0.293086
1.000000     0.527412
0.000000     0.312059
0.000000     0.281244
1.000000     0.594102
0.000000     0.466399
0.000000     0.594102
1.000000     0.333659
0.000000     0.341948
1.000000     0.559216
0.000000     0.333801
0.000000     0.225945
1.000000     0.377868
1.000000     0.341948
0.000000     0.309849
0.000000     0.527412
0.000000     0.302031
0.000000     0.527412
1.000000     0.200064
0.000000     0.333801
0.000000     0.431148
1.000000     0.281244
0.000000     0.403520
0.000000     0.466399
0.000000     0.341948
0.000000     0.527412
0.000000     0.504684
0.000000     0.333801
0.000000     0.431148
1.000000     0.341948
0.000000     0.293086
0.000000     0.200064
0.000000     0.457392
0.000000     0.527256
0.000000     0.293086
0.000000     0.431148
0.000000     0.333801
0.000000     0.466399
0.000000     0.430994
1.000000     0.236996
1.000000     0.399724
1.000000     0.466399
0.000000     0.399724
0.000000     0.504684
1.000000     0.466399
1.000000     0.200064
1.000000     0.527412
0.000000     0.309849
0.000000     0.399724
1.000000     0.466399
1.000000     0.412326
0.000000     0.466243
0.000000     0.412326
0.000000     0.163880
0.000000     0.285465
1.000000     0.527412
0.000000     0.333659
0.000000     0.431148
0.000000     0.225945
0.000000     0.527412
0.000000     0.281376
0.000000     0.466399
1.000000     0.559216
0.000000     0.377868
0.000000     0.431148
0.000000     0.341948
0.000000     0.527256
1.000000     0.430994
0.000000     0.377868
0.000000     0.527412
1.000000     0.466399
0.000000     0.466399
0.000000     0.504684
0.000000     0.527412
0.000000     0.399724
1.000000     0.285465
0.000000     0.391140
0.000000     0.504684
1.000000     0.347787
1.000000     0.149443
1.000000     0.527412
0.000000     0.341948
1.000000     0.466399
0.000000     0.466399
0.000000     0.430994
0.000000     0.341948
0.000000     0.430994
0.000000     0.399724
0.000000     0.301895
0.000000     0.466399
1.000000     0.333801
0.000000     0.391140
1.000000     0.466399
1.000000     0.527256
0.000000     0.504684
0.000000     0.527412
1.000000     0.466399
1.000000     0.309849
0.000000     0.430994
1.000000     0.281376
0.000000     0.263197
0.000000     0.399724
0.000000     0.200064
0.000000     0.301895
0.000000     0.527412
0.000000     0.377868
1.000000     0.412326
0.000000     0.378017
0.000000     0.399724
1.000000     0.225945
0.000000     0.466399
1.000000     0.399724
0.000000     0.285333
1.000000     0.263197
0.000000     0.225945
0.000000     0.399724
0.000000     0.333801
0.000000     0.527412
1.000000     0.285465
1.000000     0.527256
0.000000     0.333801
1.000000     0.430994
1.000000     0.527412
1.000000     0.466399
1.000000     0.255848
0.000000     0.309849
0.000000     0.200064
1.000000     0.225945
0.000000     0.225945
0.000000     0.285465
0.000000     0.466399
1.000000     0.412326
1.000000     0.527412
1.000000     0.466399
0.000000     0.163880
0.000000     0.431148
0.000000     0.466399
0.000000     0.431148
1.000000     0.527256
0.000000     0.309849
1.000000     0.466399
1.000000     0.466399
0.000000     0.341948
0.000000     0.399724
1.000000     0.333801
1.000000     0.559216
1.000000     0.399724
1.000000     0.309849
1.000000     0.312197
0.000000     0.263197
0.000000     0.333801
1.000000     0.225945
1.000000     0.527412
1.000000     0.399724
1.000000     0.341948
1.000000     0.399724
1.000000     0.504684
1.000000     0.281376
1.000000     0.422253
0.000000     0.293086
0.000000     0.274528
0.000000     0.285333
0.000000     0.430994
0.000000     0.163880
1.000000     0.347787
0.000000     0.186865
0.000000     0.378017
1.000000     0.472548
1.000000     0.472548
0.000000     0.285465
1.000000     0.466399
1.000000     0.527412
0.000000     0.399724
0.000000     0.186865
1.000000     0.527412
0.000000     0.527256
0.000000     0.236996
0.000000     0.527412
0.000000     0.431148
0.000000     0.527412
0.000000     0.466243
1.000000     0.263197
1.000000     0.466399
0.000000     0.430994
0.000000     0.293086
0.000000     0.399724
1.000000     0.302031
1.000000     0.594102
0.000000     0.412326
0.000000     0.301895
0.000000     0.149443
0.000000     0.472548
1.000000     0.347787
1.000000     0.274528
0.000000     0.466399
1.000000     0.527256
0.000000     0.527412
1.000000     0.466399
1.000000     0.341948
0.000000     0.285465
1.000000     0.594102
1.000000     0.309849
1.000000     0.412326
1.000000     0.527256
0.000000     0.399724
0.000000     0.527412
0.000000     0.236996
0.000000     0.225945
0.000000     0.378017
0.000000     0.302031
0.000000     0.391140
0.000000     0.399724
0.000000     0.540173
0.000000     0.149443
0.000000     0.341948
1.000000     0.472548
0.000000     0.399724
1.000000     0.399724
0.000000     0.341948
1.000000     0.186865
0.000000     0.559216
0.000000     0.527412
0.000000     0.466399
1.000000     0.466399
1.000000     0.466399
0.000000     0.527412
1.000000     0.378017
0.000000     0.399724
1.000000     0.399724
1.000000     0.527412
1.000000     0.527412
0.000000     0.263197
1.000000     0.274528
1.000000     0.527412
0.000000     0.527412
1.000000     0.466399
1.000000     0.466399
0.000000     0.466243
1.000000     0.466243
1.000000     0.466399
0.000000     0.341948
1.000000     0.652176
0.000000     0.559216
1.000000     0.399724
0.000000     0.466399
0.000000     0.183639
0.000000     0.368232
0.000000     0.263197
1.000000     0.399724
0.000000     0.186865
1.000000     0.293086
0.000000     0.377868
0.000000     0.183639
1.000000     0.378017
1.000000     0.431148
0.000000     0.399724
1.000000     0.466399
1.000000     0.378017
0.000000     0.281376
0.000000     0.422253
0.000000     0.333801
1.000000     0.527412
1.000000     0.399724
1.000000     0.527412
1.000000     0.527256
1.000000     0.378017
0.000000     0.527412
1.000000     0.527256
0.000000     0.391140
0.000000     0.309849
0.000000     0.285465
0.000000     0.281376
0.000000     0.183639
1.000000     0.412174
1.000000     0.399724
0.000000     0.466399
0.000000     0.341948
0.000000     0.559216
0.000000     0.302031
1.000000     0.399724
0.000000     0.183639
0.000000     0.472548
0.000000     0.309849
0.000000     0.527412
1.000000     0.149443
1.000000     0.466399
1.000000     0.399724
1.000000     0.466399
0.000000     0.225945
0.000000     0.293086
1.000000     0.309849
1.000000     0.466399
0.000000     0.430994
0.000000     0.399724
0.000000     0.377868
1.000000     0.301895
0.000000     0.540173
1.000000     0.431148
0.000000     0.183639
0.000000     0.225945
0.000000     0.333801
0.000000     0.333801
1.000000     0.527256
0.000000     0.341948
0.000000     0.225945
0.000000     0.466399
0.000000     0.333801
1.000000     0.281244
1.000000     0.399724
0.000000     0.466399
0.000000     0.274528
0.000000     0.430994
0.000000     0.399724
1.000000     0.430994
0.000000     0.309849
1.000000     0.466399
0.000000     0.399724
0.000000     0.466243
1.000000     0.466243
0.000000     0.149443
1.000000     0.285465
1.000000     0.200064
0.000000     0.293086
0.000000     0.466399
1.000000     0.399724
1.000000     0.527412
0.000000     0.309849
0.000000     0.378017
1.000000     0.466399
0.000000     0.399724
0.000000     0.255974
1.000000     0.263197
1.000000     0.369426
0.000000     0.285465
0.000000     0.293086
0.000000     0.333801
1.000000     0.309849
0.000000     0.302031
0.000000     0.412326
0.000000     0.466399
0.000000     0.333801
0.000000     0.378017
0.000000     0.236875
0.000000     0.183639
1.000000     0.652176
1.000000     0.466399
1.000000     0.378017
0.000000     0.399724
0.000000     0.527412
0.000000     0.285465
1.000000     0.466399
0.000000     0.466243
0.000000     0.200064
0.000000     0.341948
0.000000     0.285465
0.000000     0.457392
0.000000     0.263197
1.000000     0.225945
1.000000     0.527412
0.000000     0.652176
0.000000     0.466399
1.000000     0.399724
0.000000     0.186865
1.000000     0.391140
0.000000     0.527412
1.000000     0.341948
0.000000     0.391140
0.000000     0.293086
1.000000     0.309849
1.000000     0.466399
0.000000     0.527412
0.000000     0.466399
1.000000     0.399724
0.000000     0.466399
0.000000     0.186865
1.000000     0.412326
0.000000     0.263197
1.000000     0.527412
0.000000     0.378017
0.000000     0.378017
1.000000     0.399724
0.000000     0.347787
0.000000     0.263197
0.000000     0.466399
1.000000     0.333659
0.000000     0.466243
0.000000     0.274528
0.000000     0.341948
0.000000     0.285333
0.000000     0.309849
1.000000     0.466399
0.000000     0.293086
1.000000     0.422253
0.000000     0.347787
0.000000     0.399724
0.000000     0.399724
0.000000     0.527412
0.000000     0.274528
0.000000     0.186865
1.000000     0.263197
0.000000     0.391140
1.000000     0.527412
0.000000     0.274528
0.000000     0.466243
0.000000     0.225945
0.000000     0.274528
0.000000     0.466399
0.000000     0.200064
0.000000     0.225945
0.000000     0.431148
0.000000     0.225945
0.000000     0.263197
1.000000     0.527412
0.000000     0.399724
0.000000     0.333801
0.000000     0.412174
0.000000     0.293086
0.000000     0.466399
0.000000     0.527412
0.000000     0.466399
1.000000     0.431148
0.000000     0.293086
0.000000     0.293086
0.000000     0.466399
1.000000     0.301895
1.000000     0.341948
1.000000     0.412174
0.000000     0.559216
0.000000     0.594102
0.000000     0.333801
0.000000     0.527412
0.000000     0.293086
0.000000     0.431148
0.000000     0.378017
1.000000     0.341948
0.000000     0.466399
1.000000     0.422253
1.000000     0.378017
1.000000     0.302031
0.000000     0.527412
0.000000     0.347787
1.000000     0.527412
1.000000     0.399724
1.000000     0.466243
0.000000     0.399724
0.000000     0.293086
0.000000     0.333659
0.000000     0.466399
0.000000     0.466243
0.000000     0.430994
0.000000     0.309849
1.000000     0.399724
0.000000     0.200064
0.000000     0.293086
1.000000     0.377868
1.000000     0.559216
0.000000     0.466243
1.000000     0.341948
1.000000     0.399724
0.000000     0.399724
0.000000     0.594102
1.000000     0.412174
0.000000     0.430994
0.000000     0.301895
1.000000     0.377868
0.000000     0.341948
1.000000     0.652176
0.000000     0.466399
0.000000     0.301895
1.000000     0.391140
0.000000     0.466399
1.000000     0.333801
0.000000     0.431148
1.000000     0.200064
0.000000     0.333659
0.000000     0.149443
0.000000     0.333801
1.000000     0.431148
0.000000     0.412326
0.000000     0.391140
0.000000     0.255974
0.000000     0.236996
0.000000     0.527412
0.000000     0.333801
1.000000     0.527412
0.000000     0.466399
1.000000     0.301895
0.000000     0.466243
0.000000     0.225945
0.000000     0.378017
1.000000     0.422253
0.000000     0.265371
0.000000     0.422253
1.000000     0.466243
0.000000     0.527412
0.000000     0.431148
1.000000     0.466399
0.000000     0.281376
0.000000     0.466399
0.000000     0.263197
0.000000     0.466399
0.000000     0.225945
1.000000     0.431148
0.000000     0.333801
0.000000     0.527412
1.000000     0.527412
0.000000     0.527412
1.000000     0.466399
0.000000     0.341948
0.000000     0.347787
0.000000     0.412326
0.000000     0.466399
0.000000     0.527412
0.000000     0.341948
0.000000     0.293086
0.000000     0.466399
1.000000     0.527412
0.000000     0.466399
1.000000     0.466399
0.000000     0.255848
1.000000     0.527412
0.000000     0.399724
1.000000     0.527412
0.000000     0.309849
0.000000     0.309849
0.000000     0.399724
0.000000     0.285465
0.000000     0.263197
0.000000     0.399724
1.000000     0.225945
1.000000     0.333801
1.000000     0.333801
1.000000     0.466399
1.000000     0.285465
1.000000     0.412174
0.000000     0.412326
0.000000     0.302031
0.000000     0.430994
0.000000     0.412174
1.000000     0.527412
0.000000     0.430994
0.000000     0.391140
0.000000     0.309849
1.000000     0.255974
0.000000     0.594102
1.000000     0.399724
0.000000     0.225945
0.000000     0.466399
1.000000     0.391140
0.000000     0.399724
0.000000     0.527256
0.000000     0.333801
0.000000     0.333801
0.000000     0.399724
1.000000     0.293086
0.000000     0.347787
0.000000     0.341948
0.000000     0.333801
1.000000     0.263197
1.000000     0.225945
1.000000     0.466399
0.000000     0.347787
0.000000     0.309849
1.000000     0.466399
1.000000     0.527412
1.000000     0.466399
0.000000     0.399724
1.000000     0.378017
1.000000     0.309849
1.000000     0.527412
1.000000     0.412326
0.000000     0.527412
1.000000     0.466399
0.000000     0.431148
1.000000     0.652176
0.000000     0.399724
0.000000     0.466243
1.000000     0.403520
1.000000     0.430994
1.000000     0.652176
0.000000     0.341948
0.000000     0.430994
0.000000     0.309849
0.000000     0.263197
1.000000     0.466399
0.000000     0.255974
0.000000     0.527412
0.000000     0.263197
0.000000     0.186865
1.000000     0.430994
1.000000     0.431148
1.000000     0.466243
1.000000     0.527412
1.000000     0.527412
0.000000     0.422253
1.000000     0.333801
0.000000     0.527256
1.000000     0.225945
0.000000     0.333801
0.000000     0.399724
1.000000     0.399724
0.000000     0.399724
0.000000     0.527412
0.000000     0.466399
1.000000     0.399724
1.000000     0.527412
0.000000     0.398851
0.000000     0.368232
1.000000     0.378017
0.000000     0.399724
1.000000     0.301895
1.000000     0.399724
1.000000     0.341948
1.000000     0.302031
0.000000     0.457392
0.000000     0.399724
1.000000     0.341948
0.000000     0.341948
1.000000     0.466399
0.000000     0.399724
0.000000     0.399724
0.000000     0.399724
0.000000     0.466399
0.000000     0.293086
1.000000     0.559216
1.000000     0.399724
0.000000     0.527412
1.000000     0.399724
0.000000     0.399724
1.000000     0.225945
1.000000     0.431148
1.000000     0.527412
0.000000     0.183639
0.000000     0.274528
0.000000     0.301895
0.000000     0.431148
1.000000     0.255974
0.000000     0.391140
0.000000     0.293086
0.000000     0.274528
1.000000     0.285333
0.000000     0.301895
1.000000     0.391140
0.000000     0.527412
0.000000     0.263197
0.000000     0.527412
1.000000     0.431148
0.000000     0.200064
0.000000     0.333801
0.000000     0.263197
1.000000     0.399724
1.000000     0.466243
1.000000     0.333801
1.000000     0.527412
0.000000     0.333659
0.000000     0.186865
0.000000     0.293086
1.000000     0.466399
0.000000     0.341948
0.000000     0.527412
1.000000     0.431148
0.000000     0.412326
0.000000     0.333801
0.000000     0.341948
0.000000     0.399724
1.000000     0.466243
0.000000     0.399724
1.000000     0.430994
0.000000     0.293086
0.000000     0.263197
1.000000     0.466399
0.000000     0.527412
0.000000     0.341948
1.000000     0.285465
0.000000     0.285465
0.000000     0.433608
1.000000     0.412326
0.000000     0.399724
1.000000     0.255974
0.000000     0.293086
1.000000     0.466399
0.000000     0.466399
1.000000     0.466243
1.000000     0.527412
1.000000     0.527412
1.000000     0.527412
1.000000     0.333801
1.000000     0.333801
0.000000     0.302031
0.000000     0.466399
0.000000     0.309849
1.000000     0.333801
0.000000     0.293086
0.000000     0.293086
1.000000     0.302031
0.000000     0.399724
0.000000     0.378017
0.000000     0.186865
0.000000     0.399724
1.000000     0.466399
0.000000     0.399724
1.000000     0.431148
0.000000     0.466399
1.000000     0.652176
1.000000     0.341948
0.000000     0.225945
0.000000     0.200064
0.000000     0.293086
1.000000     0.309849
0.000000     0.225945
1.000000     0.527412
0.000000     0.333801
1.000000     0.466399
0.000000     0.263197
0.000000     0.466399
0.000000     0.466399
1.000000     0.236996
1.000000     0.399724
0.000000     0.399724
0.000000     0.281376
0.000000     0.399724
0.000000     0.559216
1.000000     0.527412
1.000000     0.527412
1.000000     0.341948
1.000000     0.309849
0.000000     0.466399
1.000000     0.399724
0.000000     0.309849
0.000000     0.225945
0.000000     0.302031
0.000000     0.466399
0.000000     0.369426
0.000000     0.431148
1.000000     0.333801
1.000000     0.302031
1.000000     0.466399
0.000000     0.225945
0.000000     0.431148
0.000000     0.399724
0.000000     0.431148
1.000000     0.341948
0.000000     0.236875
0.000000     0.346952
0.000000     0.466399
1.000000     0.399724
0.000000     0.378017
1.000000     0.430994
0.000000     0.527256
0.000000     0.341948
1.000000     0.422253
0.000000     0.225945
0.000000     0.333801
0.000000     0.391140
1.000000     0.412174
0.000000     0.309849
1.000000     0.399724
1.000000     0.527412
1.000000     0.377868
0.000000     0.274528
0.000000     0.341948
0.000000     0.225945
1.000000     0.399724
1.000000     0.399724
0.000000     0.341948
0.000000     0.225945
0.000000     0.422253
0.000000     0.347787
0.000000     0.399724
1.000000     0.399724
0.000000     0.412326
0.000000     0.301895
1.000000     0.559216
0.000000     0.186865
0.000000     0.333801
1.000000     0.559216
0.000000     0.466399
0.000000     0.399724
0.000000     0.378017
0.000000     0.274528
0.000000     0.466399
0.000000     0.377868
0.000000     0.309849
0.000000     0.430994
0.000000     0.378017
1.000000     0.274528
1.000000     0.527412
1.000000     0.430994
0.000000     0.309849
0.000000     0.341948
1.000000     0.504684
0.000000     0.399724
0.000000     0.333801
0.000000     0.399724
0.000000     0.263197
1.000000     0.341948
1.000000     0.346952
1.000000     0.285333
0.000000     0.594102
1.000000     0.594102
0.000000     0.466399
1.000000     0.466399
0.000000     0.399724
1.000000     0.594102
1.000000     0.399724
1.000000     0.255974
0.000000     0.399724
0.000000     0.200064
0.000000     0.412174
0.000000     0.200064
0.000000     0.255848
1.000000     0.457392
0.000000     0.412326
1.000000     0.472548
0.000000     0.504684
0.000000     0.399724
0.000000     0.285333
1.000000     0.466399
0.000000     0.333801
0.000000     0.225945
0.000000     0.163880
0.000000     0.309849
1.000000     0.466399
0.000000     0.652176
1.000000     0.236875
1.000000     0.431148
1.000000     0.527412
1.000000     0.527412
0.000000     0.186865
0.000000     0.281244
0.000000     0.390990
0.000000     0.399724
1.000000     0.293086
0.000000     0.200064
0.000000     0.225945
1.000000     0.527412
1.000000     0.200064
1.000000     0.399724
1.000000     0.430994
0.000000     0.333801
1.000000     0.472704
0.000000     0.431148
0.000000     0.377868
1.000000     0.263197
1.000000     0.466243
0.000000     0.527412
1.000000     0.527412
0.000000     0.274528
0.000000     0.466399
1.000000     0.285465
0.000000     0.527412
1.000000     0.391140
0.000000     0.309849
0.000000     0.281376
0.000000     0.225945
0.000000     0.341948
0.000000     0.333801
0.000000     0.285465
0.000000     0.236996
1.000000     0.466243
0.000000     0.333801
0.000000     0.391140
1.000000     0.390990
0.000000     0.225945
0.000000     0.399724
1.000000     0.399724
0.000000     0.263197
1.000000     0.594102
1.000000     0.472704
1.000000     0.281376
0.000000     0.225945
             0.466399
             0.236996
             0.466399
             0.422253
             0.333801
             0.399724
             0.302031
             0.466399
             0.527412
             0.163880
             0.412326
             0.527412
             0.333801
             0.466399
             0.527412
             0.527412
             0.466399
             0.518379
             0.378017
             0.255974
             0.265371
             0.341948
             0.527412
             0.309849
             0.466399
             0.333801
             0.378017
             0.431148
             0.399724
             0.527412
             0.472548
             0.399724
             0.399724
             0.431148
             0.293086
             0.527256
             0.333801
             0.527412
             0.399724
             0.504684
             0.399724
             0.399724
             0.285465
             0.369426
             0.341948
             0.399724
             0.341948
             0.274528
             0.285465
             0.399724